PREV_DENSITY 0
1.10000000 1.10000000 1.10000000 1.10000000 1.10000000 1.10000000 1.10000000 1.10000000 1.10000000 1.10000000 1.10000000 
0.00000000 0.00000000 0.00000000 0.00000000 0.00000000 0.00000000 0.00000000 0.00000000 0.00000000 0.00000000 1.10000000 
0.00000000 0.00000000 0.00000000 0.00000000 0.00000000 0.00000000 0.00000000 0.00000000 0.00000000 0.00000000 1.10000000 
0.00000000 0.00000000 0.00000000 0.00000000 0.00000000 0.00000000 0.00000000 0.00000000 0.00000000 0.00000000 1.10000000 
0.00000000 0.00000000 0.00000000 0.00000000 0.00000000 0.00000000 0.00000000 0.00000000 0.00000000 0.00000000 1.10000000 
0.00000000 0.00000000 0.00000000 0.00000000 0.00000000 0.00000000 0.00000000 0.00000000 0.00000000 0.00000000 1.10000000 
0.00000000 0.00000000 0.00000000 0.00000000 0.00000000 0.00000000 0.00000000 0.00000000 0.00000000 0.00000000 1.10000000 
0.00000000 0.00000000 0.00000000 0.00000000 0.00000000 0.00000000 0.00000000 0.00000000 0.00000000 0.00000000 1.10000000 
0.00000000 0.00000000 0.00000000 0.00000000 0.00000000 0.00000000 0.00000000 0.00000000 0.00000000 0.00000000 1.10000000 
0.00000000 0.00000000 0.00000000 0.00000000 0.00000000 0.00000000 0.00000000 0.00000000 0.00000000 0.00000000 1.10000000 
1.10000000 1.10000000 1.10000000 1.10000000 1.10000000 1.10000000 1.10000000 1.10000000 1.10000000 1.10000000 1.10000000 
density 0
1.10000000 1.10000000 1.10000000 1.10000000 1.10000000 1.10000000 1.10000000 1.10000000 1.10000000 1.10000000 1.10000000 
1.10000000 0.00000000 0.00000000 0.00000000 0.00000000 0.00000000 0.00000000 0.00000000 0.00000000 0.00000000 1.10000000 
1.10000000 0.00000000 0.00000000 0.00000000 0.00000000 0.00000000 0.00000000 0.00000000 0.00000000 0.00000000 1.10000000 
1.10000000 0.00000000 0.00000000 0.00000000 0.00000000 0.00000000 0.00000000 0.00000000 0.00000000 0.00000000 1.10000000 
1.10000000 0.00000000 0.00000000 0.00000000 0.00000000 0.00000000 0.00000000 0.00000000 0.00000000 0.00000000 1.10000000 
1.10000000 0.00000000 0.00000000 0.00000000 0.00000000 0.00000000 0.00000000 0.00000000 0.00000000 0.00000000 1.10000000 
1.10000000 0.00000000 0.00000000 0.00000000 0.00000000 0.00000000 0.00000000 0.00000000 0.00000000 0.00000000 1.10000000 
1.10000000 0.00000000 0.00000000 0.00000000 0.00000000 0.00000000 0.00000000 0.00000000 0.00000000 0.00000000 1.10000000 
1.10000000 0.00000000 0.00000000 0.00000000 0.00000000 0.00000000 0.00000000 0.00000000 0.00000000 0.00000000 1.10000000 
1.10000000 0.00000000 0.00000000 0.00000000 0.00000000 0.00000000 0.00000000 0.00000000 0.00000000 0.00000000 1.10000000 
1.10000000 1.10000000 1.10000000 1.10000000 1.10000000 1.10000000 1.10000000 1.10000000 1.10000000 1.10000000 1.10000000 
PREV_DENSITY 1
1.10000000 1.10000000 1.10000000 1.10000000 1.10000000 1.10000000 1.10000000 1.10000000 1.10000000 1.10000000 1.10000000 
1.10000000 0.01955556 0.01955556 0.01955556 0.01955556 0.01955556 0.01955556 0.01955556 0.01955556 0.03422222 1.10000000 
1.10000000 0.00000000 0.00000000 0.00000000 0.00000000 0.00000000 0.00000000 0.00000000 0.00000000 0.01955556 1.10000000 
1.10000000 0.00000000 0.00000000 0.00000000 0.00000000 0.00000000 0.00000000 0.00000000 0.00000000 0.01955556 1.10000000 
1.10000000 0.00000000 0.00000000 0.00000000 0.00000000 0.00000000 0.00000000 0.00000000 0.00000000 0.01955556 1.10000000 
1.10000000 0.00000000 0.00000000 0.00000000 0.00000000 0.00000000 0.00000000 0.00000000 0.00000000 0.01955556 1.10000000 
1.10000000 0.00000000 0.00000000 0.00000000 0.00000000 0.00000000 0.00000000 0.00000000 0.00000000 0.01955556 1.10000000 
1.10000000 0.00000000 0.00000000 0.00000000 0.00000000 0.00000000 0.00000000 0.00000000 0.00000000 0.01955556 1.10000000 
1.10000000 0.00000000 0.00000000 0.00000000 0.00000000 0.00000000 0.00000000 0.00000000 0.00000000 0.01955556 1.10000000 
1.10000000 0.01955556 0.01955556 0.01955556 0.01955556 0.01955556 0.01955556 0.01955556 0.01955556 0.03422222 1.10000000 
1.10000000 1.10000000 1.10000000 1.10000000 1.10000000 1.10000000 1.10000000 1.10000000 1.10000000 1.10000000 1.10000000 
density 1
1.10000000 1.10000000 1.10000000 1.10000000 1.10000000 1.10000000 1.10000000 1.10000000 1.10000000 1.10000000 1.10000000 
1.10000000 0.01955556 0.01955556 0.01955556 0.01955556 0.01955556 0.01955556 0.01955556 0.01955556 0.03422222 1.10000000 
1.10000000 0.00000000 0.00000000 0.00000000 0.00000000 0.00000000 0.00000000 0.00000000 0.00000000 0.01955556 1.10000000 
1.10000000 0.00000000 0.00000000 0.00000000 0.00000000 0.00000000 0.00000000 0.00000000 0.00000000 0.01955556 1.10000000 
1.10000000 0.00000000 0.00000000 0.00000000 0.00000000 0.00000000 0.00000000 0.00000000 0.00000000 0.01955556 1.10000000 
1.10000000 0.00000000 0.00000000 0.00000000 0.00000000 0.00000000 0.00000000 0.00000000 0.00000000 0.01955556 1.10000000 
1.10000000 0.00000000 0.00000000 0.00000000 0.00000000 0.00000000 0.00000000 0.00000000 0.00000000 0.01955556 1.10000000 
1.10000000 0.00000000 0.00000000 0.00000000 0.00000000 0.00000000 0.00000000 0.00000000 0.00000000 0.01955556 1.10000000 
1.10000000 0.00000000 0.00000000 0.00000000 0.00000000 0.00000000 0.00000000 0.00000000 0.00000000 0.01955556 1.10000000 
1.10000000 0.01955556 0.01955556 0.01955556 0.01955556 0.01955556 0.01955556 0.01955556 0.01955556 0.03422222 1.10000000 
1.10000000 1.10000000 1.10000000 1.10000000 1.10000000 1.10000000 1.10000000 1.10000000 1.10000000 1.10000000 1.10000000 
PREV_DENSITY 2
1.10000000 1.10000000 1.10000000 1.10000000 1.10000000 1.10000000 1.10000000 1.10000000 1.10000000 1.10000000 1.10000000 
1.10000000 0.01955556 0.01955556 0.01955556 0.01955556 0.01955556 0.01955556 0.01955556 0.01955556 0.03422222 1.10000000 
1.10000000 0.00000000 0.00000000 0.00000000 0.00000000 0.00000000 0.00000000 0.00000000 0.00000000 0.01955556 1.10000000 
1.10000000 0.00000000 0.00000000 0.00000000 0.00000000 0.00000000 0.00000000 0.00000000 0.00000000 0.01955556 1.10000000 
1.10000000 0.00000000 0.00000000 0.00000000 0.00000000 0.00000000 0.00000000 0.00000000 0.00000000 0.01955556 1.10000000 
1.10000000 0.00000000 0.00000000 0.00000000 0.00000000 0.00000000 0.00000000 0.00000000 0.00000000 0.01955556 1.10000000 
1.10000000 0.00000000 0.00000000 0.00000000 0.00000000 0.00000000 0.00000000 0.00000000 0.00000000 0.01955556 1.10000000 
1.10000000 0.00000000 0.00000000 0.00000000 0.00000000 0.00000000 0.00000000 0.00000000 0.00000000 0.01955556 1.10000000 
1.10000000 0.00000000 0.00000000 0.00000000 0.00000000 0.00000000 0.00000000 0.00000000 0.00000000 0.01955556 1.10000000 
1.10000000 0.01955556 0.01955556 0.01955556 0.01955556 0.01955556 0.01955556 0.01955556 0.01955556 0.03422222 1.10000000 
1.10000000 1.10000000 1.10000000 1.10000000 1.10000000 1.10000000 1.10000000 1.10000000 1.10000000 1.10000000 1.10000000 
density 2
1.10000000 1.10000000 1.10000000 1.10000000 1.10000000 1.10000000 1.10000000 1.10000000 1.10000000 1.10000000 1.10000000 
1.10000000 0.01955556 0.01955556 0.01955556 0.01955556 0.01955556 0.01955556 0.01955556 0.01955556 0.03422222 1.10000000 
1.10000000 0.00000000 0.00000000 0.00000000 0.00000000 0.00000000 0.00000000 0.00000000 0.00000000 0.01955556 1.10000000 
1.10000000 0.00000000 0.00000000 0.00000000 0.00000000 0.00000000 0.00000000 0.00000000 0.00000000 0.01955556 1.10000000 
1.10000000 0.00000000 0.00000000 0.00000000 0.00000000 0.00000000 0.00000000 0.00000000 0.00000000 0.01955556 1.10000000 
1.10000000 0.00000000 0.00000000 0.00000000 0.00000000 0.00000000 0.00000000 0.00000000 0.00000000 0.01955556 1.10000000 
1.10000000 0.00000000 0.00000000 0.00000000 0.00000000 0.00000000 0.00000000 0.00000000 0.00000000 0.01955556 1.10000000 
1.10000000 0.00000000 0.00000000 0.00000000 0.00000000 0.00000000 0.00000000 0.00000000 0.00000000 0.01955556 1.10000000 
1.10000000 0.00000000 0.00000000 0.00000000 0.00000000 0.00000000 0.00000000 0.00000000 0.00000000 0.01955556 1.10000000 
1.10000000 0.01955556 0.01955556 0.01955556 0.01955556 0.01955556 0.01955556 0.01955556 0.01955556 0.03422222 1.10000000 
1.10000000 1.10000000 1.10000000 1.10000000 1.10000000 1.10000000 1.10000000 1.10000000 1.10000000 1.10000000 1.10000000 
