1.10000000 1.10000000 1.10000000 1.10000000 1.10000000 1.10000000 1.10000000 1.10000000 1.10000000 1.10000000 1.10000000 
1.10000000 1.10967190 1.11952024 1.12943350 1.13936337 1.14928418 1.15918499 1.16907656 1.17901471 1.18915165 1.19983342 
1.10000000 1.11962712 1.13937757 1.15917363 1.17895715 1.19868716 1.21834287 1.23794255 1.25759291 1.27759753 1.29866933 
1.10000000 1.12970669 1.15940878 1.18905566 1.21859049 1.24796115 1.27713477 1.30613162 1.33510502 1.36451934 1.39552021 
1.10000000 1.13982141 1.17947950 1.21891779 1.25806660 1.29685336 1.33522378 1.37319108 1.41095124 1.44914419 1.48941834 
1.10000000 1.14991750 1.19948805 1.24861927 1.29720395 1.34512825 1.39229805 1.43870443 1.48457891 1.53074966 1.57942554 
1.10000000 1.15995844 1.21936076 1.27805420 1.33586434 1.39260586 1.44811678 1.50234178 1.55553095 1.60869948 1.66464247 
1.10000000 1.16991937 1.23905995 1.30718206 1.37400612 1.43923546 1.50260144 1.56396341 1.62354804 1.68251622 1.74421769 
1.10000000 1.17980238 1.25862802 1.33610502 1.41179542 1.48524064 1.55601529 1.62383084 1.68879102 1.75204693 1.81735609 
1.10000000 1.18968873 1.27829556 1.36522765 1.44981715 1.53138765 1.60929994 1.68302765 1.75235060 1.81793664 1.88332691 
1.10000000 1.19983342 1.29866933 1.39552021 1.48941834 1.57942554 1.66464247 1.74421769 1.81735609 1.88332691 1.94147098 